,종목코드,현재가,거래량,거래대금,일자,시가,고가,저가,수정주가구분,수정비율,대업종구분,소업종구분,종목정보,수정주가이벤트,전일종가
0,023160,10500,78074,825,20211223,10650,10650,10500,,,,,,,
1,,10450,73340,769,20211222,10600,10650,10400,,,,,,,
2,,10550,54080,567,20211221,10600,10600,10400,,,,,,,
3,,10600,84688,903,20211220,10850,10950,10500,,,,,,,
4,,10850,103389,1108,20211217,10550,10900,10500,,,,,,,
5,,10550,51928,547,20211216,10650,10650,10450,,,,,,,
6,,10550,68852,724,20211215,10450,10700,10400,,,,,,,
7,,10500,57066,600,20211214,10500,10650,10450,,,,,,,
8,,10600,50987,537,20211213,10600,10650,10450,,,,,,,
9,,10600,43894,468,20211210,10600,10850,10500,,,,,,,
10,,10650,25012,267,20211209,10650,10800,10600,,,,,,,
11,,10700,39895,427,20211208,10850,10850,10550,,,,,,,
12,,10650,79607,851,20211207,10850,10900,10550,,,,,,,
13,,10800,34875,370,20211206,10500,10800,10500,,,,,,,
14,,10700,72416,776,20211203,10550,10800,10550,,,,,,,
15,,10550,57571,608,20211202,10300,10700,10300,,,,,,,
16,,10600,110293,1139,20211201,10000,10600,10000,,,,,,,
17,,10150,135807,1391,20211130,10650,10750,9960,,,,,,,
18,,10600,142194,1495,20211129,10450,10700,10250,,,,,,,
19,,10900,93101,1020,20211126,11150,11250,10750,,,,,,,
20,,11250,28735,322,20211125,11350,11400,11100,,,,,,,
21,,11250,99462,1122,20211124,11100,11450,11050,,,,,,,
22,,11200,78624,882,20211123,11050,11400,11050,,,,,,,
23,,11200,120818,1329,20211122,11150,11250,10700,,,,,,,
24,,11050,102512,1124,20211119,10800,11200,10650,,,,,,,
25,,10750,65432,698,20211118,10650,10950,10500,,,,,,,
26,,10700,54094,578,20211117,10850,10850,10600,,,,,,,
27,,10850,86491,939,20211116,11100,11100,10700,,,,,,,
28,,11100,48234,532,20211115,11050,11200,11000,,,,,,,
29,,11050,59830,665,20211112,11150,11250,11000,,,,,,,
30,,10950,129511,1411,20211111,10500,11050,10500,,,,,,,
31,,10700,119028,1270,20211110,10850,10900,10550,,,,,,,
32,,10950,61241,668,20211109,10850,11100,10850,,,,,,,
33,,10850,81905,887,20211108,10850,10950,10750,,,,,,,
34,,10850,75232,812,20211105,10850,10950,10700,,,,,,,
35,,10850,139823,1525,20211104,11100,11200,10750,,,,,,,
36,,11000,126524,1407,20211103,11450,11450,11000,,,,,,,
37,,11450,116680,1328,20211102,11450,11550,11250,,,,,,,
38,,11450,143646,1657,20211101,11700,11800,11350,,,,,,,
39,,11700,92981,1086,20211029,11700,11900,11500,,,,,,,
40,,11650,131644,1554,20211028,11800,12150,11550,,,,,,,
41,,11900,280874,3306,20211027,11550,11950,11350,,,,,,,
42,,11450,115151,1317,20211026,11400,11650,11300,,,,,,,
43,,11350,142982,1606,20211025,10900,11500,10850,,,,,,,
44,,10850,134888,1457,20211022,10950,10950,10650,,,,,,,
45,,10950,109855,1212,20211021,11200,11200,10900,,,,,,,
46,,11100,92581,1036,20211020,11150,11300,11050,,,,,,,
47,,11100,145985,1626,20211019,11200,11300,11000,,,,,,,
48,,11200,139329,1567,20211018,11400,11400,11150,,,,,,,
49,,11400,1320078,15701,20211015,10900,13000,10700,,,,,,,
50,,10750,61434,661,20211014,10500,10900,10500,,,,,,,
51,,10550,85613,890,20211013,10100,10600,10100,,,,,,,
52,,10150,122815,1251,20211012,10450,10450,10100,,,,,,,
53,,10500,114629,1196,20211008,10600,10650,10250,,,,,,,
54,,10500,183866,1888,20211007,10200,10550,10100,,,,,,,
55,,10050,174235,1785,20211006,10650,10750,10050,,,,,,,
56,,10500,184738,1945,20211005,10650,10800,10300,,,,,,,
57,,10850,278965,3071,20211001,11350,11400,10750,,,,,,,
58,,11450,131034,1502,20210930,11500,11600,11350,,,,,,,
59,,11500,98195,1130,20210929,11400,11750,11400,,,,,,,
60,,11750,101388,1204,20210928,12150,12150,11700,,,,,,,
61,,12000,145330,1738,20210927,11900,12100,11700,,,,,,,
62,,11800,171636,2038,20210924,11600,12100,11600,,,,,,,
63,,11550,201037,2336,20210923,11750,11950,11500,,,,,,,
64,,11900,221366,2608,20210917,11950,12100,11650,,,,,,,
65,,11950,215650,2607,20210916,12350,12450,11900,,,,,,,
66,,12350,88813,1100,20210915,12500,12500,12250,,,,,,,
67,,12500,182367,2278,20210914,12450,12700,12300,,,,,,,
68,,12400,205812,2528,20210913,12300,12450,12100,,,,,,,
69,,12350,120196,1475,20210910,12250,12450,12100,,,,,,,
70,,12250,152561,1885,20210909,12550,12600,12200,,,,,,,
71,,12550,184162,2331,20210908,12900,12900,12500,,,,,,,
72,,12800,202139,2556,20210907,12500,12800,12400,,,,,,,
73,,12500,118286,1473,20210906,12500,12650,12300,,,,,,,
74,,12500,112313,1405,20210903,12600,12650,12350,,,,,,,
75,,12600,206869,2568,20210902,12300,12700,12100,,,,,,,
76,,12300,190469,2347,20210901,12400,12550,12200,,,,,,,
77,,12500,198569,2515,20210831,12950,12950,12500,,,,,,,
78,,12900,353756,4558,20210830,12600,13050,12550,,,,,,,
79,,12450,137220,1707,20210827,12450,12600,12200,,,,,,,
80,,12450,283802,3533,20210826,12300,12700,12200,,,,,,,
81,,12100,108565,1299,20210825,12000,12200,11800,,,,,,,
82,,12000,147250,1751,20210824,11800,12000,11650,,,,,,,
83,,11700,190279,2195,20210823,11250,11900,11050,,,,,,,
84,,11150,214662,2406,20210820,11350,11400,11000,,,,,,,
85,,11100,346816,3963,20210819,11650,11950,11100,,,,,,,
86,,11850,185685,2198,20210818,11700,12100,11450,,,,,,,
87,,11800,281822,3410,20210817,12300,12650,11800,,,,,,,
88,,12300,239887,2920,20210813,12550,12550,11950,,,,,,,
89,,12500,124381,1562,20210812,12650,12850,12400,,,,,,,
90,,12750,179026,2250,20210811,12450,12750,12300,,,,,,,
91,,12450,179110,2245,20210810,12900,12900,12400,,,,,,,
92,,12900,248843,3196,20210809,13000,13000,12600,,,,,,,
93,,12750,130772,1645,20210806,12550,12750,12400,,,,,,,
94,,12500,112955,1408,20210805,12450,12550,12300,,,,,,,
95,,12450,179982,2225,20210804,12350,12550,11900,,,,,,,
96,,12200,324530,3936,20210803,12450,12450,11900,,,,,,,
97,,12450,172825,2165,20210802,12650,12700,12350,,,,,,,
98,,12550,252496,3173,20210730,12900,12900,12400,,,,,,,
99,,12850,123711,1587,20210729,12900,12900,12700,,,,,,,
100,,12750,252723,3233,20210728,12750,13050,12600,,,,,,,
101,,12850,332025,4304,20210727,13100,13400,12700,,,,,,,
102,,13000,286716,3750,20210726,12850,13300,12800,,,,,,,
103,,12800,200158,2548,20210723,12750,12950,12500,,,,,,,
104,,12750,226120,2900,20210722,12900,13050,12600,,,,,,,
105,,12750,579495,7433,20210721,13400,13400,12400,,,,,,,
106,,13250,540125,7080,20210720,12750,13500,12650,,,,,,,
107,,13100,518983,6813,20210719,13050,13450,12900,,,,,,,
108,,12950,329156,4186,20210716,12500,12950,12250,,,,,,,
109,,12550,757111,9592,20210715,12650,13300,12150,,,,,,,
110,,12500,448028,5524,20210714,12200,12500,11900,,,,,,,
111,,12150,432032,5199,20210713,12050,12250,11800,,,,,,,
112,,11800,334969,3911,20210712,11300,11850,11300,,,,,,,
113,,11150,237555,2613,20210709,11250,11250,10750,,,,,,,
114,,11300,257734,2942,20210708,11850,11950,11150,,,,,,,
115,,11800,298527,3566,20210707,11850,12250,11750,,,,,,,
116,,11950,300426,3559,20210706,11550,12000,11550,,,,,,,
117,,11550,132983,1530,20210705,11600,11700,11350,,,,,,,
118,,11600,333371,3817,20210702,11250,11600,11150,,,,,,,
119,,11150,136368,1515,20210701,11100,11250,10900,,,,,,,
120,,11100,113784,1265,20210630,11300,11350,11000,,,,,,,
121,,11250,198890,2222,20210629,11150,11350,11000,,,,,,,
122,,10950,151287,1662,20210628,10850,11100,10750,,,,,,,
123,,10850,152048,1675,20210625,11200,11200,10800,,,,,,,
124,,11000,163499,1786,20210624,10950,11050,10750,,,,,,,
125,,10800,431296,4635,20210623,10550,11050,10200,,,,,,,
126,,10500,186279,1957,20210622,10500,10650,10350,,,,,,,
127,,10400,330272,3345,20210621,10150,10400,10000,,,,,,,
128,,10250,303890,3160,20210618,10500,10650,10250,,,,,,,
129,,10500,251324,2642,20210617,10650,10650,10450,,,,,,,
130,,10650,233515,2494,20210616,10800,10950,10500,,,,,,,
131,,10750,146425,1582,20210615,11050,11050,10700,,,,,,,
132,,11050,117612,1286,20210614,10800,11050,10800,,,,,,,
133,,10800,187783,2034,20210611,11050,11050,10600,,,,,,,
134,,10950,215492,2361,20210610,10850,11150,10750,,,,,,,
135,,10800,357251,3941,20210609,11150,11400,10750,,,,,,,
136,,11250,292497,3332,20210608,11750,11850,11150,,,,,,,
137,,11750,154258,1807,20210607,11800,11850,11600,,,,,,,
138,,11700,167537,1964,20210604,11550,11950,11400,,,,,,,
139,,11650,169783,1962,20210603,11700,11750,11400,,,,,,,
140,,11600,270654,3086,20210602,11150,11600,10950,,,,,,,
141,,11150,193626,2143,20210601,10800,11300,10700,,,,,,,
142,,10800,131789,1420,20210531,10900,10950,10650,,,,,,,
143,,10900,303599,3290,20210528,10400,11150,10350,,,,,,,
144,,10400,201517,2111,20210527,10600,10750,10300,,,,,,,
145,,10550,243229,2548,20210526,10600,10600,10350,,,,,,,
146,,10650,215069,2283,20210525,10800,10950,10450,,,,,,,
147,,10600,204613,2184,20210524,10750,10900,10400,,,,,,,
148,,10700,742003,8098,20210521,11650,11750,10550,,,,,,,
149,,11550,307217,3561,20210520,11600,11800,11300,,,,,,,
150,,11750,284970,3293,20210518,11200,11950,11150,,,,,,,
151,,11150,339178,3822,20210517,11400,11550,11050,,,,,,,
152,,11400,478563,5361,20210514,11600,11800,10950,,,,,,,
153,,11400,613617,7171,20210513,11600,12050,11350,,,,,,,
154,,12050,538430,6547,20210512,12600,12700,11850,,,,,,,
155,,12700,388146,4824,20210511,12350,12800,12150,,,,,,,
156,,12550,520981,6440,20210510,12350,12800,12000,,,,,,,
157,,12350,465452,5659,20210507,12000,12400,11900,,,,,,,
158,,12000,927857,10949,20210506,11150,12000,11100,,,,,,,
159,,11150,415646,4496,20210504,11100,11200,10500,,,,,,,
160,,11000,371764,4140,20210503,11050,11500,10850,,,,,,,
161,,10950,494113,5484,20210430,11050,11350,10900,,,,,,,
162,,10950,674036,7195,20210429,10650,11050,10150,,,,,,,
163,,10650,1287094,14221,20210428,11250,11600,10400,,,,,,,
164,,11000,631863,6842,20210427,10700,11100,10500,,,,,,,
165,,10700,1198276,12454,20210426,9680,10800,9680,,,,,,,
166,,9640,245446,2367,20210423,9510,9770,9510,,,,,,,
167,,9620,535636,5110,20210422,9700,9760,9450,,,,,,,
168,,9710,504162,4921,20210421,10000,10000,9620,,,,,,,
169,,10100,306172,3075,20210420,10100,10250,9990,,,,,,,
170,,10200,373714,3837,20210419,10200,10450,10100,,,,,,,
171,,10150,361717,3658,20210416,10150,10250,10000,,,,,,,
172,,10100,474393,4757,20210415,10100,10150,9900,,,,,,,
173,,10000,522384,5149,20210414,9680,10050,9480,,,,,,,
174,,9680,1032798,10255,20210413,9610,10300,9560,,,,,,,
175,,9610,430776,4124,20210412,9380,9710,9250,,,,,,,
176,,9380,456872,4321,20210409,9510,9580,9370,,,,,,,
177,,9580,2344381,22301,20210408,9160,9790,9120,,,,,,,
178,,8920,394292,3447,20210407,8480,8930,8410,,,,,,,
179,,8480,230991,1963,20210406,8640,8660,8380,,,,,,,
180,,8640,371584,3208,20210405,8540,8820,8480,,,,,,,
181,,8600,247421,2109,20210402,8610,8610,8420,,,,,,,
182,,8620,609138,5247,20210401,8760,8770,8540,,,,,,,
183,,8800,1019372,8796,20210331,8250,8900,8220,,,,,,,
184,,8230,458916,3784,20210330,8260,8400,8110,,,,,,,
185,,8220,1112810,9070,20210329,7850,8360,7800,,,,,,,
186,,7740,257433,1987,20210326,7540,7780,7540,,,,,,,
187,,7540,107945,812,20210325,7530,7580,7480,,,,,,,
188,,7530,190427,1424,20210324,7450,7580,7390,,,,,,,
189,,7510,342880,2608,20210323,7880,7880,7500,,,,,,,
190,,7830,116784,919,20210322,8010,8020,7810,,,,,,,
191,,7970,98726,786,20210319,7920,8030,7850,,,,,,,
192,,8000,195232,1560,20210318,8050,8050,7910,,,,,,,
193,,7990,553522,4428,20210317,7820,8090,7800,,,,,,,
194,,7800,146439,1139,20210316,7770,7830,7720,,,,,,,
195,,7750,164956,1272,20210315,7660,7790,7620,,,,,,,
196,,7680,209745,1610,20210312,7730,7750,7590,,,,,,,
197,,7660,148311,1132,20210311,7640,7740,7540,,,,,,,
198,,7540,167574,1281,20210310,7740,7850,7530,,,,,,,
199,,7740,272497,2051,20210309,7650,7760,7350,,,,,,,
200,,7640,289852,2248,20210308,7920,7950,7640,,,,,,,
201,,7830,456091,3519,20210305,7560,7830,7480,,,,,,,
202,,7580,367169,2792,20210304,7460,7720,7460,,,,,,,
203,,7510,138309,1024,20210303,7340,7520,7270,,,,,,,
204,,7310,119512,883,20210302,7440,7500,7290,,,,,,,
205,,7360,184957,1370,20210226,7440,7520,7330,,,,,,,
206,,7520,187969,1408,20210225,7450,7610,7390,,,,,,,
207,,7310,262745,1941,20210224,7550,7560,7300,,,,,,,
208,,7520,150036,1124,20210223,7510,7580,7400,,,,,,,
209,,7510,549639,4170,20210222,7440,7690,7420,,,,,,,
210,,7370,139548,1017,20210219,7360,7370,7200,,,,,,,
211,,7350,203002,1498,20210218,7390,7470,7330,,,,,,,
212,,7350,120828,888,20210217,7390,7430,7300,,,,,,,
213,,7400,166400,1223,20210216,7360,7430,7250,,,,,,,
214,,7330,118198,864,20210215,7250,7370,7240,,,,,,,
215,,7240,79246,569,20210210,7260,7260,7150,,,,,,,
216,,7230,150852,1102,20210209,7360,7420,7210,,,,,,,
217,,7350,215319,1571,20210208,7160,7360,7130,,,,,,,
218,,7160,89429,642,20210205,7200,7250,7140,,,,,,,
219,,7210,135095,971,20210204,7200,7240,7150,,,,,,,
220,,7150,110636,791,20210203,7170,7250,7100,,,,,,,
221,,7120,121183,869,20210202,7100,7240,7060,,,,,,,
222,,7070,108698,758,20210201,6940,7100,6830,,,,,,,
223,,7000,286416,2026,20210129,7290,7360,6880,,,,,,,
224,,7260,197536,1438,20210128,7350,7360,7200,,,,,,,
225,,7450,251361,1874,20210127,7400,7580,7260,,,,,,,
226,,7260,131361,961,20210126,7420,7470,7250,,,,,,,
227,,7410,113227,839,20210125,7440,7460,7350,,,,,,,
228,,7360,146685,1087,20210122,7450,7530,7350,,,,,,,
229,,7430,210029,1559,20210121,7260,7520,7240,,,,,,,
230,,7230,131727,946,20210120,7210,7280,7110,,,,,,,
231,,7230,128379,923,20210119,7100,7250,7100,,,,,,,
232,,7100,221461,1604,20210118,7420,7420,7100,,,,,,,
233,,7440,193239,1448,20210115,7660,7690,7400,,,,,,,
234,,7660,199116,1523,20210114,7710,7730,7570,,,,,,,
235,,7710,261563,2005,20210113,7680,7710,7590,,,,,,,
236,,7640,274005,2041,20210112,7440,7640,7310,,,,,,,
237,,7400,489844,3653,20210111,7790,7820,7210,,,,,,,
238,,7670,411336,3162,20210108,7850,7860,7610,,,,,,,
239,,7700,528160,4037,20210107,7630,7730,7560,,,,,,,
240,,7580,574266,4389,20210106,7860,7880,7540,,,,,,,
241,,7780,510380,3988,20210105,7820,7930,7740,,,,,,,
242,,7930,1313680,10395,20210104,8200,8200,7710,,,,,,,
243,,7660,2670600,20206,20201230,7150,8160,7150,,,,,,,
244,,7090,250490,1777,20201229,7050,7160,7030,,,,,,,
245,,7030,266557,1891,20201228,7080,7150,7020,,,,,,,
246,,7050,355372,2508,20201224,6920,7150,6910,,,,,,,
247,,6860,317572,2191,20201223,6900,6990,6770,,,,,,,
248,,6830,313261,2178,20201222,7020,7090,6820,,,,,,,
249,,6990,230504,1595,20201221,6910,7010,6830,,,,,,,
250,,6900,236100,1629,20201218,6820,6970,6800,,,,,,,
251,,6780,124179,845,20201217,6740,6880,6730,,,,,,,
252,,6740,237711,1597,20201216,6690,6790,6640,,,,,,,
253,,6650,100145,668,20201215,6720,6770,6630,,,,,,,
254,,6720,96928,653,20201214,6770,6780,6710,,,,,,,
255,,6780,132936,899,20201211,6700,6840,6700,,,,,,,
256,,6680,513707,3452,20201210,6650,6890,6610,,,,,,,
257,,6650,144777,967,20201209,6630,6730,6620,,,,,,,
258,,6610,103065,683,20201208,6640,6700,6600,,,,,,,
259,,6650,160573,1072,20201207,6780,6820,6600,,,,,,,
260,,6800,151709,1035,20201204,6860,6940,6760,,,,,,,
261,,6860,120126,816,20201203,6760,6870,6710,,,,,,,
262,,6750,164270,1106,20201202,6770,6830,6680,,,,,,,
263,,6770,101623,691,20201201,6800,6870,6750,,,,,,,
264,,6810,108372,739,20201130,6890,6910,6760,,,,,,,
265,,6890,131363,902,20201127,6890,6920,6810,,,,,,,
266,,6880,156626,1081,20201126,7010,7100,6850,,,,,,,
267,,7000,384382,2717,20201125,7080,7230,6800,,,,,,,
268,,7000,282615,1995,20201124,7000,7130,6990,,,,,,,
269,,6970,613425,4314,20201123,6800,7150,6730,,,,,,,
270,,6810,202491,1390,20201120,6820,6950,6790,,,,,,,
271,,6810,298310,2036,20201119,6940,6940,6770,,,,,,,
272,,6950,714532,4917,20201118,6640,6970,6610,,,,,,,
273,,6630,230450,1545,20201117,6800,6800,6560,,,,,,,
274,,6700,343286,2301,20201116,6580,6800,6540,,,,,,,
275,,6510,126666,822,20201113,6500,6560,6410,,,,,,,
276,,6510,118679,767,20201112,6530,6530,6410,,,,,,,
277,,6450,142588,922,20201111,6500,6540,6410,,,,,,,
278,,6500,256634,1664,20201110,6440,6600,6320,,,,,,,
279,,6350,129696,820,20201109,6190,6400,6190,,,,,,,
280,,6170,88660,548,20201106,6260,6300,6140,,,,,,,
281,,6240,129849,809,20201105,6180,6290,6140,,,,,,,
282,,6110,94344,580,20201104,6140,6230,6070,,,,,,,
283,,6130,80393,493,20201103,6050,6180,6050,,,,,,,
284,,6050,86106,514,20201102,5900,6050,5860,,,,,,,
285,,5920,146170,871,20201030,5990,6050,5910,,,,,,,
286,,5980,278079,1656,20201029,6040,6080,5900,,,,,,,
287,,6150,65299,395,20201028,5980,6150,5950,,,,,,,
288,,5980,143068,857,20201027,5990,6090,5900,,,,,,,
289,,5990,122332,741,20201026,6100,6170,5990,,,,,,,
290,,6070,165355,1009,20201023,6160,6180,6060,,,,,,,
291,,6150,135488,834,20201022,6220,6250,6120,,,,,,,
292,,6270,166262,1035,20201021,6220,6340,6140,,,,,,,
293,,6170,173535,1064,20201020,6250,6300,6050,,,,,,,
294,,6250,134578,841,20201019,6200,6360,6190,,,,,,,
295,,6160,219678,1355,20201016,6280,6290,6100,,,,,,,
296,,6240,172165,1080,20201015,6320,6360,6220,,,,,,,
297,,6320,249124,1581,20201014,6490,6490,6310,,,,,,,
298,,6440,128593,829,20201013,6540,6580,6400,,,,,,,
299,,6520,133247,866,20201012,6550,6570,6450,,,,,,,
300,,6520,168871,1101,20201008,6480,6630,6450,,,,,,,
301,,6460,109167,703,20201007,6360,6500,6340,,,,,,,
302,,6400,201187,1288,20201006,6420,6500,6350,,,,,,,
303,,6420,318074,2047,20201005,6340,6540,6330,,,,,,,
304,,6350,168509,1066,20200929,6330,6440,6280,,,,,,,
305,,6300,208132,1313,20200928,6330,6400,6270,,,,,,,
306,,6330,168076,1068,20200925,6500,6510,6270,,,,,,,
307,,6430,159907,1031,20200924,6650,6650,6340,,,,,,,
308,,6680,89546,588,20200923,6640,6680,6500,,,,,,,
309,,6580,119866,793,20200922,6770,6770,6570,,,,,,,
310,,6710,103405,700,20200921,6830,6890,6700,,,,,,,
311,,6810,109848,750,20200918,6830,6930,6790,,,,,,,
312,,6810,108679,742,20200917,6860,6900,6800,,,,,,,
313,,6890,108441,750,20200916,6920,6980,6870,,,,,,,
314,,6940,119877,831,20200915,7040,7040,6890,,,,,,,
315,,6970,152096,1060,20200914,6960,7040,6940,,,,,,,
316,,6950,171947,1184,20200911,7000,7020,6820,,,,,,,
317,,7000,140952,974,20200910,6830,7010,6830,,,,,,,
318,,6810,83772,572,20200909,6880,6880,6790,,,,,,,
319,,6920,105880,736,20200908,6970,7070,6900,,,,,,,
320,,6970,328427,2283,20200907,6680,7100,6670,,,,,,,
321,,6660,118732,790,20200904,6600,6750,6600,,,,,,,
322,,6760,137474,933,20200903,6770,6900,6740,,,,,,,
323,,6750,53029,358,20200902,6810,6820,6700,,,,,,,
324,,6720,113198,758,20200901,6670,6750,6650,,,,,,,
325,,6660,127239,855,20200831,6690,6860,6630,,,,,,,
326,,6680,89323,601,20200828,6730,6800,6640,,,,,,,
327,,6660,114200,767,20200827,6830,6850,6650,,,,,,,
328,,6820,91174,618,20200826,6810,6860,6710,,,,,,,
329,,6820,82089,559,20200825,6740,6890,6690,,,,,,,
330,,6710,99720,664,20200824,6570,6730,6570,,,,,,,
331,,6650,129160,857,20200821,6580,6810,6540,,,,,,,
332,,6540,315939,2126,20200820,7050,7060,6520,,,,,,,
333,,7080,98453,694,20200819,7020,7160,6990,,,,,,,
334,,7000,241727,1716,20200818,7360,7380,6990,,,,,,,
335,,7300,282490,2087,20200814,7360,7510,7280,,,,,,,
336,,7350,217964,1598,20200813,7360,7400,7280,,,,,,,
337,,7340,348470,2553,20200812,7450,7470,7250,,,,,,,
338,,7450,187404,1402,20200811,7400,7610,7390,,,,,,,
339,,7380,121990,901,20200810,7390,7440,7360,,,,,,,
340,,7440,176143,1309,20200807,7610,7630,7350,,,,,,,
341,,7580,288232,2198,20200806,7430,7770,7430,,,,,,,
342,,7450,155133,1151,20200805,7450,7470,7400,,,,,,,
343,,7410,202924,1522,20200804,7410,7680,7360,,,,,,,
344,,7400,87200,642,20200803,7410,7480,7310,,,,,,,
345,,7430,98539,737,20200731,7630,7630,7420,,,,,,,
346,,7520,63018,472,20200730,7430,7560,7420,,,,,,,
347,,7430,38372,285,20200729,7500,7500,7390,,,,,,,
348,,7440,125564,928,20200728,7420,7460,7340,,,,,,,
349,,7390,122761,918,20200727,7440,7600,7380,,,,,,,
350,,7480,123912,920,20200724,7340,7480,7340,,,,,,,
351,,7460,159061,1195,20200723,7790,7790,7380,,,,,,,
352,,7690,299231,2323,20200722,7700,7920,7630,,,,,,,
353,,7660,342336,2589,20200721,7280,7800,7210,,,,,,,
354,,7260,75962,551,20200720,7320,7340,7210,,,,,,,
355,,7330,50457,371,20200717,7370,7420,7320,,,,,,,
356,,7420,94141,694,20200716,7450,7450,7320,,,,,,,
357,,7440,185332,1367,20200715,7190,7480,7190,,,,,,,
358,,7200,39410,283,20200714,7200,7230,7110,,,,,,,
359,,7230,43548,312,20200713,7180,7230,7100,,,,,,,
360,,7110,139954,998,20200710,7260,7290,7050,,,,,,,
361,,7280,66160,480,20200709,7310,7310,7230,,,,,,,
362,,7220,52095,377,20200708,7200,7300,7200,,,,,,,
363,,7240,76742,558,20200707,7350,7410,7200,,,,,,,
364,,7320,64031,471,20200706,7390,7400,7280,,,,,,,
365,,7310,75696,555,20200703,7300,7420,7300,,,,,,,
366,,7330,78362,569,20200702,7200,7340,7150,,,,,,,
367,,7210,61019,446,20200701,7350,7410,7210,,,,,,,
368,,7310,115754,854,20200630,7250,7470,7230,,,,,,,
369,,7150,95120,688,20200629,7220,7340,7140,,,,,,,
370,,7360,74513,544,20200626,7270,7400,7230,,,,,,,
371,,7220,288527,2099,20200625,7490,7500,7150,,,,,,,
372,,7560,240800,1825,20200624,7690,7780,7530,,,,,,,
373,,7650,99495,764,20200623,7690,7840,7570,,,,,,,
374,,7640,152758,1172,20200622,7800,7820,7640,,,,,,,
375,,7780,88091,689,20200619,7900,7900,7750,,,,,,,
376,,7870,180589,1435,20200618,7750,8170,7710,,,,,,,
377,,7920,171393,1344,20200617,7850,8050,7600,,,,,,,
378,,7930,145717,1144,20200616,7610,8050,7610,,,,,,,
379,,7510,244495,1903,20200615,8070,8090,7510,,,,,,,
380,,8150,231837,1867,20200612,8100,8250,7700,,,,,,,
381,,8510,234713,2022,20200611,8840,8880,8510,,,,,,,
382,,8840,148983,1327,20200610,9050,9060,8820,,,,,,,
383,,9080,174989,1590,20200609,9170,9250,8960,,,,,,,
384,,9170,178549,1632,20200608,9220,9260,9010,,,,,,,
385,,9070,201132,1807,20200605,8940,9180,8770,,,,,,,
386,,9020,368330,3368,20200604,9500,9530,9000,,,,,,,
387,,9450,947801,9041,20200603,9210,9870,9200,,,,,,,
388,,9050,1257486,11942,20200602,9600,10000,9030,,,,,,,
389,,8780,264296,2286,20200601,8530,8790,8450,,,,,,,
390,,8530,441323,3704,20200529,8570,8700,8150,,,,,,,
391,,8560,1006837,8533,20200528,8430,8730,8160,,,,,,,
392,,8250,730201,5886,20200527,7730,8320,7650,,,,,,,
393,,7690,296080,2247,20200526,7370,7760,7370,,,,,,,
394,,7370,197378,1448,20200525,7460,7460,7240,,,,,,,
395,,7350,864293,6576,20200522,7550,7940,7340,,,,,,,
396,,7360,246048,1812,20200521,7260,7520,7230,,,,,,,
397,,7200,142065,1026,20200520,7260,7270,7140,,,,,,,
398,,7250,332388,2368,20200519,6940,7270,6910,,,,,,,
399,,6870,80410,552,20200518,6930,6930,6830,,,,,,,
400,,6870,140594,963,20200515,6900,6950,6810,,,,,,,
401,,6880,289562,2018,20200514,7000,7100,6850,,,,,,,
402,,6990,239881,1672,20200513,7000,7070,6920,,,,,,,
403,,7090,195512,1392,20200512,7270,7300,7060,,,,,,,
404,,7270,242730,1775,20200511,7360,7460,7210,,,,,,,
405,,7340,271907,1973,20200508,7150,7360,7130,,,,,,,
406,,7090,222203,1573,20200507,7090,7150,7040,,,,,,,
407,,7130,153654,1091,20200506,7120,7240,7030,,,,,,,
408,,7050,164735,1169,20200504,7150,7200,7040,,,,,,,
409,,7200,289879,2094,20200429,7200,7390,7090,,,,,,,
410,,7200,381841,2712,20200428,7050,7230,6980,,,,,,,
411,,7060,254893,1797,20200427,6870,7170,6870,,,,,,,
412,,6860,92661,643,20200424,7010,7040,6860,,,,,,,
413,,7040,120586,842,20200423,6930,7080,6890,,,,,,,
414,,6870,173304,1178,20200422,6860,6900,6760,,,,,,,
415,,6960,142434,995,20200421,7060,7150,6890,,,,,,,
416,,7110,157837,1129,20200420,7150,7290,7070,,,,,,,
417,,7110,170600,1207,20200417,6900,7140,6900,,,,,,,
418,,6840,117618,800,20200416,6810,6890,6710,,,,,,,
419,,6890,168521,1170,20200414,6840,7180,6820,,,,,,,
420,,6780,170341,1176,20200413,7080,7120,6780,,,,,,,
421,,7100,157800,1123,20200410,7110,7330,7040,,,,,,,
422,,7110,116453,828,20200409,7180,7200,7050,,,,,,,
423,,7080,78763,561,20200408,7070,7230,7030,,,,,,,
424,,7150,114322,824,20200407,7340,7420,7040,,,,,,,
425,,7220,73197,522,20200406,7020,7220,7010,,,,,,,
426,,7010,144433,1026,20200403,7400,7440,6960,,,,,,,
427,,7200,184460,1264,20200402,6400,7250,6400,,,,,,,
428,,6440,151624,1005,20200401,6420,6840,6320,,,,,,,
429,,6520,148474,963,20200331,6410,6600,6360,,,,,,,
430,,6360,113673,709,20200330,6200,6400,6090,,,,,,,
431,,6440,224449,1481,20200327,6860,6900,6340,,,,,,,
432,,6710,211776,1445,20200326,6970,7030,6660,,,,,,,
433,,7060,165556,1137,20200325,6700,7090,6640,,,,,,,
434,,6560,130807,817,20200324,5990,6590,5990,,,,,,,
435,,5930,115750,693,20200323,6010,6360,5850,,,,,,,
436,,6780,192364,1139,20200320,5700,6800,5670,,,,,,,
437,,5670,291335,1831,20200319,6990,7090,5470,,,,,,,
438,,6720,101356,699,20200318,7000,7140,6720,,,,,,,
439,,7070,106040,732,20200317,6550,7170,6510,,,,,,,
440,,6990,173857,1227,20200316,7220,7360,6810,,,,,,,
441,,7200,256253,1842,20200313,7400,7540,6950,,,,,,,
442,,7850,180850,1430,20200312,8090,8240,7790,,,,,,,
443,,8250,123416,1026,20200311,8370,8480,8150,,,,,,,
444,,8360,201089,1662,20200310,8060,8440,8050,,,,,,,
445,,8080,258352,2129,20200309,8890,8890,8050,,,,,,,
446,,8980,54904,494,20200306,9200,9200,8920,,,,,,,
447,,9220,58280,536,20200305,9320,9320,9120,,,,,,,
448,,9230,39814,367,20200304,9060,9360,9060,,,,,,,
449,,9070,48832,447,20200303,9300,9300,9030,,,,,,,
450,,9210,77357,703,20200302,9040,9210,8800,,,,,,,
451,,8790,155719,1368,20200228,9070,9070,8640,,,,,,,
452,,9110,84100,772,20200227,9140,9300,9040,,,,,,,
453,,9120,90773,815,20200226,8990,9190,8790,,,,,,,
454,,9110,115206,1026,20200225,8890,9120,8610,,,,,,,
455,,8690,118333,1037,20200224,8900,8940,8600,,,,,,,
456,,9030,110218,1003,20200221,9370,9370,9000,,,,,,,
457,,9380,61282,571,20200220,9330,9440,9230,,,,,,,
458,,9290,103381,959,20200219,9400,9530,9190,,,,,,,
459,,9410,130689,1234,20200218,9630,9630,9400,,,,,,,
460,,9620,219538,2134,20200217,9970,9970,9580,,,,,,,
461,,10000,128812,1293,20200214,10200,10200,9990,,,,,,,
462,,10150,194295,1971,20200213,10200,10250,10050,,,,,,,
463,,10200,286310,2910,20200212,10500,10550,9980,,,,,,,
464,,10600,47997,504,20200211,10250,10600,10200,,,,,,,
465,,10300,27230,278,20200210,10150,10350,10050,,,,,,,
466,,10300,83040,858,20200207,10650,10650,10200,,,,,,,
467,,10650,120821,1254,20200206,10050,10800,10000,,,,,,,
468,,10000,73505,733,20200205,10100,10100,9900,,,,,,,
469,,10050,74422,745,20200204,10000,10200,9970,,,,,,,
470,,10050,97578,974,20200203,9960,10150,9810,,,,,,,
471,,10100,77804,797,20200131,10350,10500,9990,,,,,,,
472,,10200,81145,831,20200130,10300,10450,10100,,,,,,,
473,,10400,62930,648,20200129,10300,10500,10150,,,,,,,
474,,10200,86882,896,20200128,10350,10500,10200,,,,,,,
475,,10700,62993,684,20200123,11100,11100,10700,,,,,,,
476,,11000,75264,821,20200122,10600,11000,10600,,,,,,,
477,,10650,68329,733,20200121,10800,10900,10650,,,,,,,
478,,10700,77170,838,20200120,10800,11000,10650,,,,,,,
479,,10850,90182,982,20200117,11050,11050,10700,,,,,,,
480,,11000,165717,1806,20200116,10600,11050,10550,,,,,,,
481,,10600,165948,1739,20200115,10200,10650,10150,,,,,,,
482,,10250,66336,683,20200114,10300,10500,10150,,,,,,,
483,,10300,92800,952,20200113,10350,10400,10050,,,,,,,
484,,10250,87380,884,20200110,10150,10250,9960,,,,,,,
485,,10050,87973,881,20200109,10000,10100,9930,,,,,,,
486,,9850,160688,1590,20200108,10100,10100,9800,,,,,,,
487,,10150,89646,910,20200107,10150,10250,10050,,,,,,,
488,,9980,100906,1015,20200106,10250,10350,9970,,,,,,,
489,,10300,142888,1454,20200103,10050,10450,9990,,,,,,,
490,,9970,77592,776,20200102,10200,10200,9950,,,,,,,
491,,10200,33787,341,20191230,10000,10200,10000,,,,,,,
492,,10050,61381,616,20191227,10100,10150,9950,4,0.00,,,,,
493,,10200,84478,852,20191226,9910,10200,9910,,,,,,,
494,,9940,46291,460,20191224,9930,10050,9890,,,,,,,
495,,9980,59453,592,20191223,9940,10100,9900,,,,,,,
496,,9930,59253,592,20191220,10100,10150,9930,,,,,,,
497,,10050,38434,385,20191219,9930,10150,9930,,,,,,,
498,,10000,46826,469,20191218,10000,10100,9900,,,,,,,
499,,10100,49401,497,20191217,9990,10150,9930,,,,,,,
500,,9990,46561,464,20191216,10200,10200,9900,,,,,,,
501,,10100,70305,710,20191213,10000,10200,9920,,,,,,,
502,,9900,110120,1100,20191212,9860,10200,9860,,,,,,,
503,,9890,18367,183,20191211,9830,9980,9830,,,,,,,
504,,9930,52444,516,20191210,9750,9980,9620,,,,,,,
505,,9840,34583,338,20191209,9680,9840,9670,,,,,,,
506,,9720,47257,455,20191206,9530,9740,9510,,,,,,,
507,,9570,53680,516,20191205,9470,9730,9470,,,,,,,
508,,9460,70440,668,20191204,9600,9610,9410,,,,,,,
509,,9640,30801,297,20191203,9730,9750,9610,,,,,,,
510,,9760,27185,266,20191202,9830,9890,9700,,,,,,,
511,,9870,59030,582,20191129,9940,10000,9810,,,,,,,
512,,9940,31288,312,20191128,10000,10050,9910,,,,,,,
513,,10000,60285,606,20191127,10200,10200,9940,,,,,,,
514,,10200,200893,2060,20191126,9810,10400,9760,,,,,,,
515,,9940,62104,609,20191125,9800,9960,9600,,,,,,,
516,,9720,86973,837,20191122,9570,9750,9310,,,,,,,
517,,9410,112091,1064,20191121,9860,9860,9380,,,,,,,
518,,9750,135793,1350,20191120,10000,10100,9670,,,,,,,
519,,9850,42065,416,20191119,10000,10000,9840,,,,,,,
520,,10000,130739,1305,20191118,9880,10100,9800,,,,,,,
521,,9880,57549,567,20191115,9790,9930,9730,,,,,,,
522,,9820,61327,602,20191114,9890,9890,9760,,,,,,,
523,,9840,80791,797,20191113,9900,9970,9820,,,,,,,
524,,9910,53879,534,20191112,9900,9970,9870,,,,,,,
525,,9890,191043,1894,20191111,10250,10250,9760,,,,,,,
526,,10250,212162,2126,20191108,9990,10300,9850,,,,,,,
527,,9900,251602,2511,20191107,10150,10400,9890,,,,,,,
528,,10200,50928,526,20191106,10400,10500,10200,,,,,,,
529,,10500,80294,832,20191105,10350,10500,10200,,,,,,,
530,,10300,72171,727,20191104,10050,10300,9950,,,,,,,
531,,10050,72837,730,20191101,10050,10200,9930,,,,,,,
532,,10050,80873,822,20191031,10100,10350,10000,,,,,,,
533,,10150,140611,1415,20191030,10100,10350,9920,,,,,,,
534,,10200,68955,707,20191029,10300,10450,10100,,,,,,,
535,,10300,58466,602,20191028,10250,10400,10100,,,,,,,
536,,10300,109192,1121,20191025,10100,10500,9980,,,,,,,
537,,10050,71111,709,20191024,10050,10150,9900,,,,,,,
538,,10050,100674,1012,20191023,10250,10250,9950,,,,,,,
539,,10150,88840,902,20191022,10300,10300,10050,,,,,,,
540,,10250,39926,412,20191021,10350,10500,10200,,,,,,,
541,,10350,46833,492,20191018,10650,10700,10300,,,,,,,
542,,10550,60822,648,20191017,10700,10850,10500,,,,,,,
543,,10750,163019,1747,20191016,11000,11000,10550,,,,,,,
544,,10950,151997,1669,20191015,10800,11100,10650,,,,,,,
545,,10800,181477,1930,20191014,10400,10850,10300,,,,,,,
546,,10250,84198,867,20191011,10200,10450,10200,,,,,,,
547,,10200,107405,1097,20191010,10400,10400,10100,,,,,,,
548,,10450,92356,958,20191008,10350,10600,10050,,,,,,,
549,,10400,53730,560,20191007,10450,10700,10300,,,,,,,
550,,10450,63121,661,20191004,10400,10700,10300,,,,,,,
551,,10500,48388,514,20191002,10700,10800,10500,,,,,,,
552,,10800,38406,412,20191001,10650,10800,10550,,,,,,,
553,,10550,60514,648,20190930,10650,10850,10500,,,,,,,
554,,10800,57835,615,20190927,10700,10800,10400,,,,,,,
555,,10700,41435,443,20190926,10550,10850,10450,,,,,,,
556,,10550,72859,775,20190925,10800,10850,10500,,,,,,,
557,,10800,108717,1186,20190924,11100,11150,10750,,,,,,,
558,,11100,47782,529,20190923,11200,11300,10950,,,,,,,
559,,11350,75437,846,20190920,11050,11350,10950,,,,,,,
560,,11250,68701,762,20190919,11000,11300,10850,,,,,,,
561,,11150,113723,1281,20190918,11500,11550,11050,,,,,,,
562,,11650,93073,1073,20190917,11650,11700,11400,,,,,,,
563,,11650,220795,2530,20190916,11200,11700,11150,,,,,,,
564,,11000,68072,751,20190911,10950,11150,10800,,,,,,,
565,,11000,127690,1404,20190910,10750,11150,10700,,,,,,,
566,,10800,75338,815,20190909,10950,11100,10550,,,,,,,
567,,10800,53490,575,20190906,10700,10900,10500,,,,,,,
568,,10650,90083,977,20190905,11100,11100,10600,,,,,,,
569,,11000,123855,1361,20190904,10650,11100,10550,,,,,,,
570,,10850,70339,761,20190903,10750,10950,10650,,,,,,,
571,,10900,147453,1587,20190902,10300,10950,10250,,,,,,,
572,,10500,124589,1295,20190830,10350,10500,10200,,,,,,,
573,,10250,74637,752,20190829,10100,10250,9950,,,,,,,
574,,10200,234191,2376,20190828,10050,10350,9890,,,,,,,
575,,9900,91534,898,20190827,9670,9900,9600,,,,,,,
576,,9670,124681,1207,20190826,9820,9900,9550,,,,,,,
577,,10000,102633,1021,20190823,9990,10100,9810,,,,,,,
578,,10050,285374,2844,20190822,9610,10250,9530,,,,,,,
579,,9660,258059,2407,20190821,8760,9950,8700,,,,,,,
580,,8760,70101,615,20190820,8750,8900,8630,,,,,,,
581,,8670,55884,481,20190819,8340,8690,8340,,,,,,,
582,,8380,39139,328,20190816,8350,8450,8330,,,,,,,
583,,8450,76602,646,20190814,8420,8580,8340,,,,,,,
584,,8380,108981,905,20190813,8380,8420,8230,,,,,,,
585,,8440,126987,1080,20190812,8450,8800,8290,,,,,,,
586,,8480,74052,630,20190809,8660,8670,8430,,,,,,,
587,,8600,168627,1415,20190808,8350,8620,8290,,,,,,,
588,,8390,68179,571,20190807,8540,8600,8280,,,,,,,
589,,8310,190040,1615,20190806,8270,8740,8270,,,,,,,
590,,8690,97719,864,20190805,9290,9290,8630,,,,,,,
591,,9150,48586,449,20190802,9460,9460,9150,,,,,,,
592,,9460,73352,699,20190801,9220,9890,9110,,,,,,,
593,,9310,46859,435,20190731,9420,9420,9120,,,,,,,
594,,9420,43762,406,20190730,9140,9450,9120,,,,,,,
595,,9220,93955,869,20190729,9700,9750,9010,,,,,,,
596,,9700,53918,515,20190726,9440,9740,9440,,,,,,,
597,,9500,74527,715,20190725,9950,10000,9410,,,,,,,
598,,9900,71756,712,20190724,9730,9990,9730,,,,,,,
599,,9730,34168,332,20190723,9680,9800,9640,,,,,,,
